0 1.0000000000
1 0.9983836222
2 0.9935498769
3 0.9855795315
4 0.9745942611
5 0.9607452519
6 0.9442035745
7 0.9251521324
8 0.9037788082
9 0.8802707772
10 0.8548099532
11 0.8275696534
12 0.7987125237
13 0.7683897210
14 0.7367413735
15 0.7038982683
16 0.6699844396
17 0.6351200993
18 0.5994243667
19 0.5630177736
20 0.5260246250
21 0.4885743881
22 0.4508007820
23 0.4128389142
24 0.3748218559
25 0.3368776316
26 0.2991267881
27 0.2616805568
28 0.2246397490
29 0.1880943280
30 0.1521236285
31 0.1167971044
32 0.0821753071
33 0.0483110033
34 0.0152505283
35 -0.0169645844
36 -0.0482960095
37 -0.0787077681
38 -0.1081663697
39 -0.1366415274
40 -0.1641069166
41 -0.1905407840
42 -0.2159263773
43 -0.2402521028
44 -0.2635114150
45 -0.2857024867
46 -0.3068275491
47 -0.3268919701
48 -0.3459030367
49 -0.3638685945
50 -0.3807956732
51 -0.3966893667
52 -0.4115521586
53 -0.4253836385
54 -0.4381804297
55 -0.4499362593
56 -0.4606422098
57 -0.4702871701
58 -0.4788584339
59 -0.4863423750
60 -0.4927251397
61 -0.4979933016
62 -0.5021344432
63 -0.5051376434
64 -0.5069938783
65 -0.5076963613
66 -0.5072408699
67 -0.5056260861
68 -0.5028539474
69 -0.4989299877
70 -0.4938636458
71 -0.4876685164
72 -0.4803625041
73 -0.4719678554
74 -0.4625110647
75 -0.4520226576
76 -0.4405368844
77 -0.4280913247
78 -0.4147264033
79 -0.4004848164
80 -0.3854108789
81 -0.3695498776
82 -0.3529475359
83 -0.3356496517
84 -0.3177019118
85 -0.2991498639
86 -0.2800389796
87 -0.2604147502
88 -0.2403228688
89 -0.2198095392
90 -0.1989218424
91 -0.1777080610
92 -0.1562179037
93 -0.1345026174
94 -0.1126149703
95 -0.0906090969
96 -0.0685402630
97 -0.0464646408
98 -0.0244390995
99 -0.0025209357
100 0.0192324383
101 0.0407637215
102 0.0620158324
103 0.0829319785
104 0.1034557943
105 0.1235316265
106 0.1431049584
107 0.1621228532
108 0.1805342647
109 0.1982901909
110 0.2153437376
111 0.2316501660
112 0.2471668738
113 0.2618532580
114 0.2756705320
115 0.2885816912
116 0.3005516942
117 0.3115477750
118 0.3215397208
119 0.3305000596
120 0.3384042361
121 0.3452307488
122 0.3509612577
123 0.3555807063
124 0.3590774622
125 0.3614434552
126 0.3626742500
127 0.3627690408
128 0.3617306220
129 0.3595654405
130 0.3562837246
131 0.3518996595
132 0.3464315106
133 0.3399015873
134 0.3323361457
135 0.3237653574
136 0.3142233413
137 0.3037481075
138 0.2923812704
139 0.2801676846
140 0.2671553066
141 0.2533954104
142 0.2389430410
143 0.2238574884
144 0.2082026036
145 0.1920466806
146 0.1754617247
147 0.1585222365
148 0.1413038293
149 0.1238819268
150 0.1063306190
151 0.0887216721
152 0.0711237381
153 0.0536017330
154 0.0362163251
155 0.0190235555
156 0.0020746230
157 -0.0145841338
158 -0.0309110394
159 -0.0468686707
160 -0.0624233159
161 -0.0775444184
162 -0.0922040718
163 -0.1063766242
164 -0.1200383592
165 -0.1331673209
166 -0.1457431936
167 -0.1577472551
168 -0.1691623700
169 -0.1799729995
170 -0.1901652336
171 -0.1997268182
172 -0.2086471405
173 -0.2169171494
174 -0.2245292424
175 -0.2314771660
176 -0.2377559127
177 -0.2433615969
178 -0.2482912944
179 -0.2525428761
180 -0.2561149216
181 -0.2590067383
182 -0.2612184179
183 -0.2627508937
184 -0.2636060200
185 -0.2637866956
186 -0.2632970180
187 -0.2621424333
188 -0.2603298246
189 -0.2578675180
190 -0.2547652153
191 -0.2510338513
192 -0.2466853792
193 -0.2417325418
194 -0.2361887550
195 -0.2300682122
196 -0.2233861887
197 -0.2161594253
198 -0.2084064503
199 -0.2001477925
200 -0.1914061188
201 -0.1822063383
202 -0.1725756553
203 -0.1625435480
204 -0.1521416789
205 -0.1414037255
206 -0.1303651335
207 -0.1190627931
208 -0.1075346270
209 -0.0958190966
210 -0.0839547161
211 -0.0719796703
212 -0.0599315403
213 -0.0478471238
214 -0.0357623792
215 -0.0237124912
216 -0.0117320396
217 0.0001447891
218 0.0118840059
219 0.0234516508
220 0.0348136701
221 0.0459359290
222 0.0567844240
223 0.0673256503
224 0.0775270704
225 0.0873577100
226 0.0967888560
227 0.1057947383
228 0.1143530282
229 0.1224450400
230 0.1300556338
231 0.1371729574
232 0.1437881707
233 0.1498951654
234 0.1554901922
235 0.1605713943
236 0.1651383324
237 0.1691915789
238 0.1727323961
239 0.1757624696
240 0.1782836467
241 0.1802977089
242 0.1818062738
243 0.1828108920
244 0.1833133785
245 0.1833162667
246 0.1828231922
247 0.1818391431
248 0.1803705686
249 0.1784253511
250 0.1760126617
251 0.1731427744
252 0.1698269214
253 0.1660771665
254 0.1619062515
255 0.1573274678
256 0.1523545856
257 0.1470017873
258 0.1412835523
259 0.1352145048
260 0.1288092491
261 0.1220822251
262 0.1150476991
263 0.1077199962
264 0.1001138630
265 0.0922447953
266 0.0841292659
267 0.0757848965
268 0.0672306124
269 0.0584867829
270 0.0495753378
271 0.0405198293
272 0.0313453453
273 0.0220782786
274 0.0127461160
275 0.0033773208
276 -0.0059987139
277 -0.0153517104
278 -0.0246506893
279 -0.0338642954
280 -0.0429612488
281 -0.0519108347
282 -0.0606833316
283 -0.0692503399
284 -0.0775849932
285 -0.0856620468
286 -0.0934578675
287 -0.1009503737
288 -0.1081189527
289 -0.1149443749
290 -0.1214087188
291 -0.1274953233
292 -0.1331887906
293 -0.1384750222
294 -0.1433412360
295 -0.1477759632
296 -0.1517690358
297 -0.1553116438
298 -0.1583965039
299 -0.1610179979
300 -0.1631722764
301 -0.1648572798
302 -0.1660727489
303 -0.1668201840
304 -0.1671027567
305 -0.1669251682
306 -0.1662934793
307 -0.1652149514
308 -0.1636978688
309 -0.1617513385
310 -0.1593850844
311 -0.1566092678
312 -0.1534343707
313 -0.1498711469
314 -0.1459306055
315 -0.1416240006
316 -0.1369628515
317 -0.1319590383
318 -0.1266249354
319 -0.1209735106
320 -0.1150183643
321 -0.1087737324
322 -0.1022544946
323 -0.0954761851
324 -0.0884549985
325 -0.0812077795
326 -0.0737519852
327 -0.0661056547
328 -0.0582874089
329 -0.0503164390
330 -0.0422124441
331 -0.0339954750
332 -0.0256857727
333 -0.0173036817
334 -0.0088696546
335 -0.0004043252
336 0.0080713488
337 0.0165359408
338 0.0249674352
339 0.0333431726
340 0.0416398698
341 0.0498336914
342 0.0579003881
343 0.0658154542
344 0.0735543082
345 0.0810925409
346 0.0884062356
347 0.0954722949
348 0.1022687371
349 0.1087749598
350 0.1149719995
351 0.1208427495
352 0.1263720770
353 0.1315468062
354 0.1363555424
355 0.1407884066
356 0.1448367594
357 0.1484929201
358 0.1517498990
359 0.1546011610
360 0.1570404183
361 0.1590614609
362 0.1606580515
363 0.1618239199
364 0.1625528814
365 0.1628390927
366 0.1626774117
367 0.1620637602
368 0.1609954578
369 0.1594715652
370 0.1574932454
371 0.1550640652
372 0.1521902038
373 0.1488805431
374 0.1451466768
375 0.1410028541
376 0.1364657955
377 0.1315543675
378 0.1262891888
379 0.1206922436
380 0.1147865333
381 0.1085957391
382 0.1021438727
383 0.0954549135
384 0.0885525101
385 0.0814598174
386 0.0741994733
387 0.0667936560
388 0.0592642079
389 0.0516328315
390 0.0439212753
391 0.0361514154
392 0.0283452168
393 0.0205246542
394 0.0127116685
395 0.0049281166
396 -0.0028043298
397 -0.0104643349
398 -0.0180310457
399 -0.0254842027
400 -0.0328042456
401 -0.0399724521
402 -0.0469711292
403 -0.0537837909
404 -0.0603952751
405 -0.0667918047
406 -0.0729609551
407 -0.0788915646
408 -0.0845735775
409 -0.0899978415
410 -0.0951559425
411 -0.1000400821
412 -0.1046429905
413 -0.1089578632
414 -0.1129783137
415 -0.1166983596
416 -0.1201124554
417 -0.1232155399
418 -0.1260030683
419 -0.1284710253
420 -0.1306159888
421 -0.1324351632
422 -0.1339264184
423 -0.1350882902
424 -0.1359199552
425 -0.1364211862
426 -0.1365923065
427 -0.1364341536
428 -0.1359480504
429 -0.1351357819
430 -0.1339995708
431 -0.1325420541
432 -0.1307662913
433 -0.1286758257
434 -0.1262747760
435 -0.1235679273
436 -0.1205608325
437 -0.1172598746
438 -0.1136723399
439 -0.1098064983
440 -0.1056716164
441 -0.1012779768
442 -0.0966368636
443 -0.0917605867
444 -0.0866624767
445 -0.0813568588
446 -0.0758590121
447 -0.0701851287
448 -0.0643522342
449 -0.0583780101
450 -0.0522805517
451 -0.0460781605
452 -0.0397892106
453 -0.0334320502
454 -0.0270248851
455 -0.0205856279
456 -0.0141317557
457 -0.0076802114
458 -0.0012473796
459 0.0051508854
460 0.0114992170
461 0.0177826825
462 0.0239867298
463 0.0300971152
464 0.0360998130
465 0.0419809325
466 0.0477266514
467 0.0533232379
468 0.0587572000
469 0.0640155300
470 0.0690859255
471 0.0739569043
472 0.0786178395
473 0.0830589428
474 0.0872712672
475 0.0912467490
476 0.0949782537
477 0.0984595617
478 0.1016853124
479 0.1046509232
480 0.1073524910
481 0.1097866501
482 0.1119504711
483 0.1138414430
484 0.1154575037
485 0.1167970348
486 0.1178588399
487 0.1186421731
488 0.1191468366
489 0.1193733212
490 0.1193229310
491 0.1189978669
492 0.1184012260
493 0.1175369109
494 0.1164094947
495 0.1150241008
496 0.1133862480
497 0.1115016484
498 0.1093760194
499 0.1070149542
500 0.1044238306
