0 4.4198872652
1 2.8608425667
2 2.2954594886
3 1.9541763671
4 1.7129185668
5 1.5329435588
6 1.3998537992
7 1.2837840308
8 1.1917948884
9 1.1177125185
10 1.0551818122
11 0.9992667089
12 0.9502550970
13 0.9051039104
14 0.8683255738
15 0.8384069435
16 0.8045707103
17 0.7761192925
18 0.7487987897
19 0.7256220729
20 0.6985624287
21 0.6753723503
22 0.6531408517
23 0.6390890529
24 0.6262423907
25 0.6208053097
26 0.6161632874
27 0.6177471609
28 0.6223304387
29 0.6314785707
30 0.6466452771
31 0.6629448234
32 0.6861995098
33 0.7114847702
34 0.7414152494
35 0.7711013323
36 0.8014209555
37 0.8199523992
38 0.7864694971
39 0.7346573930
40 0.6932840728
41 0.6622817514
42 0.6396160270
43 0.6258749621
44 0.6184175095
45 0.6149498256
46 0.6201046472
47 0.6253352207
48 0.6207258063
49 0.6134618904
50 0.6064903170
51 0.5991400402
52 0.5973824601
53 0.5987308897
54 0.6013260428
55 0.5979121820
56 0.5930497871
57 0.5854206578
58 0.5808330000
59 0.5755358661
60 0.5673073459
61 0.5562546361
62 0.5429196191
63 0.5300835009
64 0.5202112077
65 0.5096542092
66 0.5011162253
67 0.4941816507
68 0.4881259695
69 0.4851818150
70 0.4815707231
71 0.4773535259
72 0.4702682541
73 0.4634888190
74 0.4556122325
75 0.4495645514
76 0.4440030606
77 0.4390105138
78 0.4348272488
79 0.4310155706
80 0.4262911918
81 0.4238408343
82 0.4173513712
83 0.4093960071
84 0.4041855987
85 0.4000882399
86 0.3941423202
87 0.3851951291
88 0.3776871415
89 0.3685426507
90 0.3571675954
91 0.3492542677
92 0.3423547126
93 0.3384670358
94 0.3358569460
95 0.3336515282
96 0.3333720179
97 0.3293052882
98 0.3225647938
99 0.3144414822
100 0.3093013846
101 0.3039825708
102 0.2973079562
103 0.2952189215
104 0.2931109106
105 0.2935785009
106 0.2958667353
107 0.2959348218
108 0.2969715324
109 0.2980678110
110 0.2964467650
111 0.2973001594
112 0.2920934629
113 0.2892809852
114 0.2866366326
115 0.2854007207
116 0.2866712033
117 0.2893415735
118 0.2916427731
119 0.2908107255
120 0.2917430496
121 0.2912851709
122 0.2924083974
123 0.2942988689
124 0.2957192428
125 0.2936006095
126 0.2924385517
127 0.2886819301
128 0.2868092546
129 0.2883598224
130 0.2913509193
131 0.2913068930
132 0.2921851957
133 0.2945139277
134 0.2902474446
135 0.2814379517
136 0.2706189876
137 0.2623575597
138 0.2557832808
139 0.2494786395
140 0.2450849029
141 0.2388876306
142 0.2362972751
143 0.2315080093
144 0.2214983915
145 0.2139977597
146 0.2074210646
147 0.2021429340
148 0.1971541031
149 0.1922258792
150 0.1881875816
151 0.1848422309
152 0.1819003645
153 0.1795641619
154 0.1787613650
155 0.1768043515
156 0.1792132659
157 0.1789815102
158 0.1779150532
159 0.1785087681
160 0.1801440594
161 0.1813288000
162 0.1816913377
163 0.1815828357
164 0.1845537098
165 0.1880707843
166 0.1895983784
167 0.1897424521
168 0.1892745102
169 0.1900866257
170 0.1894688929
171 0.1903331205
172 0.1875096411
173 0.1862226980
174 0.1843034764
175 0.1841731702
176 0.1858260663
177 0.1844420104
178 0.1859918724
179 0.1852902462
180 0.1844376333
181 0.1841670809
182 0.1819919661
183 0.1782868246
184 0.1774014420
185 0.1766331711
186 0.1767483545
187 0.1749454365
188 0.1750182517
189 0.1728155466
190 0.1715471595
191 0.1701880815
192 0.1681418302
193 0.1651152931
194 0.1624626562
195 0.1577037855
196 0.1551562651
197 0.1519785982
198 0.1475298308
199 0.1447092412
200 0.1419398205
201 0.1401092995
202 0.1380900527
203 0.1373578365
204 0.1330739046
205 0.1314701697
206 0.1289080535
207 0.1276153513
208 0.1249914918
209 0.1221720767
210 0.1223304276
211 0.1224610765
212 0.1214684669
213 0.1222714581
214 0.1228071988
215 0.1229379803
216 0.1225145917
217 0.1212309223
218 0.1212125207
219 0.1210955361
220 0.1224254519
221 0.1239369998
222 0.1253819588
223 0.1253737624
224 0.1268410852
225 0.1290863055
226 0.1297703696
227 0.1295198778
228 0.1285123236
229 0.1284265363
230 0.1282641619
231 0.1288947571
232 0.1260198650
233 0.1255908055
234 0.1236460964
235 0.1250487249
236 0.1235968749
237 0.1222831846
238 0.1221491879
239 0.1209364449
240 0.1203113948
241 0.1218255018
242 0.1201977291
243 0.1191346728
244 0.1184148473
245 0.1173766117
246 0.1165459315
247 0.1143981933
248 0.1117345756
249 0.1103749136
250 0.1098065260
251 0.1083410100
252 0.1063342101
253 0.1059956541
254 0.1036967797
255 0.1051328546
256 0.1066390746
257 0.1056373320
258 0.1057697789
259 0.1058397797
260 0.1039298203
261 0.1049476796
262 0.1035078343
263 0.1021231653
264 0.1019474598
265 0.1007840962
266 0.0993450395
267 0.0993010150
268 0.0978935782
269 0.0975848547
270 0.0978821665
271 0.0960929243
272 0.0960059228
273 0.0952072981
274 0.0955285520
275 0.0945086470
276 0.0917151536
277 0.0903856464
278 0.0913145682
279 0.0887755543
280 0.0894285154
281 0.0900770474
282 0.0886178321
283 0.0882039266
284 0.0891021893
285 0.0886534947
286 0.0888436121
287 0.0897224616
288 0.0894145581
289 0.0894440737
290 0.0898329610
291 0.0907175527
292 0.0914261569
293 0.0935727931
294 0.0949573544
295 0.0962426791
296 0.0958095621
297 0.0968072009
298 0.0962507838
299 0.0964758667
300 0.0968715231
301 0.0979065630
302 0.0966689710
303 0.0971050052
304 0.0965656439
305 0.0967260269
306 0.0957186620
307 0.0952265813
308 0.0937871878
309 0.0930122888
310 0.0917855211
311 0.0918534902
312 0.0900593374
313 0.0899815265
314 0.0895029701
315 0.0900612734
316 0.0893387738
317 0.0875195046
318 0.0876487071
319 0.0867473006
320 0.0853421123
321 0.0838021783
322 0.0822732805
323 0.0805930740
324 0.0796756959
325 0.0797718194
326 0.0806034877
327 0.0789416986
328 0.0780005358
329 0.0783584515
330 0.0770771864
331 0.0770093803
332 0.0764231356
333 0.0761379569
334 0.0755261964
335 0.0750037025
336 0.0751404443
337 0.0750283820
338 0.0753047714
339 0.0749475372
340 0.0744286546
341 0.0745071151
342 0.0755294731
343 0.0759906421
344 0.0757082075
345 0.0761981401
346 0.0753002362
347 0.0752710638
348 0.0770791265
349 0.0782585659
350 0.0801917370
351 0.0805027660
352 0.0815592709
353 0.0818050369
354 0.0822092869
355 0.0826299509
356 0.0826350455
357 0.0835088201
358 0.0858948462
359 0.0850551422
360 0.0843947518
361 0.0838725354
362 0.0844758663
363 0.0838778101
364 0.0847319483
365 0.0831324282
366 0.0829011505
367 0.0829195833
368 0.0829924529
369 0.0821997905
370 0.0835348862
371 0.0818873751
372 0.0806413561
373 0.0798895899
374 0.0791228330
375 0.0797808928
376 0.0778438280
377 0.0779276868
378 0.0747900157
379 0.0739481264
380 0.0740648887
381 0.0733889656
382 0.0727506925
383 0.0709991090
384 0.0711073214
385 0.0700690060
386 0.0700606104
387 0.0694857730
388 0.0684112643
389 0.0669738264
390 0.0676079442
391 0.0684268517
392 0.0679092818
393 0.0675346338
394 0.0688462061
395 0.0685860318
396 0.0675005297
397 0.0658899659
398 0.0666217330
399 0.0657797772
400 0.0669919848
401 0.0675100758
402 0.0692811198
403 0.0694620603
404 0.0711175676
405 0.0706975192
406 0.0711291019
407 0.0715163354
408 0.0715827962
409 0.0730756340
410 0.0735940129
411 0.0730258327
412 0.0726847717
413 0.0720047513
414 0.0731857143
415 0.0725157677
416 0.0725768205
417 0.0737019892
418 0.0739904679
419 0.0744182192
420 0.0747826520
421 0.0744960790
422 0.0744048864
423 0.0742217505
424 0.0739646632
425 0.0742338906
426 0.0731497778
427 0.0748238340
428 0.0733507842
429 0.0732269551
430 0.0734638136
431 0.0732258811
432 0.0731460239
433 0.0730536685
434 0.0713475249
435 0.0713833490
436 0.0725585711
437 0.0715144410
438 0.0713747081
439 0.0700702376
440 0.0694735436
441 0.0685389381
442 0.0692849020
443 0.0693885466
444 0.0683869205
445 0.0670278464
446 0.0668343656
447 0.0673333558
448 0.0673726291
449 0.0684286598
450 0.0663346799
451 0.0655500424
452 0.0646561854
453 0.0663176615
454 0.0654568543
455 0.0659132082
456 0.0653140856
457 0.0662361495
458 0.0660866753
459 0.0663254728
460 0.0666408853
461 0.0673137577
462 0.0659948839
463 0.0647345866
464 0.0655498511
465 0.0667844268
466 0.0665975039
467 0.0662153224
468 0.0665881050
469 0.0672243865
470 0.0690495865
471 0.0689635784
472 0.0686458549
473 0.0694078780
474 0.0681158629
475 0.0677931924
476 0.0693545100
477 0.0687012939
478 0.0676658630
479 0.0680471283
480 0.0687986273
481 0.0685449192
482 0.0695349192
483 0.0689040939
484 0.0682400243
485 0.0680134192
486 0.0691683916
487 0.0689820855
488 0.0683633283
489 0.0692216807
490 0.0693859893
491 0.0698312889
492 0.0684165271
493 0.0689450618
494 0.0681846477
495 0.0670718862
496 0.0676901676
497 0.0668610725
498 0.0678625334
499 0.0690173481
500 0.0679684621
