0 1.0000000000
1 0.9998881362
2 0.9995574912
3 0.9990082867
4 0.9982408941
5 0.9972558297
6 0.9960537553
7 0.9946354774
8 0.9930019460
9 0.9911542555
10 0.9890936420
11 0.9868214816
12 0.9843392919
13 0.9816487241
14 0.9787515657
15 0.9756497430
16 0.9723453106
17 0.9688404524
18 0.9651374819
19 0.9612388399
20 0.9571470866
21 0.9528649034
22 0.9483950946
23 0.9437405764
24 0.9389043778
25 0.9338896376
26 0.9286996023
27 0.9233376252
28 0.9178071581
29 0.9121117506
30 0.9062550470
31 0.9002407853
32 0.8940727904
33 0.8877549725
34 0.8812913241
35 0.8746859151
36 0.8679428900
37 0.8610664654
38 0.8540609242
39 0.8469306150
40 0.8396799452
41 0.8323133831
42 0.8248354439
43 0.8172506928
44 0.8095637457
45 0.8017792550
46 0.7939019130
47 0.7859364495
48 0.7778876204
49 0.7697602114
50 0.7615590322
51 0.7532889074
52 0.7449546807
53 0.7365612059
54 0.7281133461
55 0.7196159679
56 0.7110739387
57 0.7024921232
58 0.6938753790
59 0.6852285536
60 0.6765564804
61 0.6678639757
62 0.6591558340
63 0.6504368260
64 0.6417116944
65 0.6329851503
66 0.6242618702
67 0.6155464924
68 0.6068436145
69 0.5981577888
70 0.5894935205
71 0.5808552640
72 0.5722474200
73 0.5636743324
74 0.5551402855
75 0.5466495013
76 0.5382061365
77 0.5298142797
78 0.5214779492
79 0.5132010903
80 0.5049875725
81 0.4968411874
82 0.4887656466
83 0.4807645788
84 0.4728415281
85 0.4649999522
86 0.4572432201
87 0.4495746095
88 0.4419973054
89 0.4345143994
90 0.4271288869
91 0.4198436666
92 0.4126615378
93 0.4055851993
94 0.3986172479
95 0.3917601781
96 0.3850163803
97 0.3783881408
98 0.3718776398
99 0.3654869500
100 0.3592180368
101 0.3530727583
102 0.3470528635
103 0.3411599925
104 0.3353956761
105 0.3297613343
106 0.3242582778
107 0.3188877078
108 0.3136507147
109 0.3085482793
110 0.3035812716
111 0.2987504533
112 0.2940564759
113 0.2894998828
114 0.2850811086
115 0.2808004799
116 0.2766582170
117 0.2726544316
118 0.2687891355
119 0.2650622293
120 0.2614735171
121 0.2580226904
122 0.2547093504
123 0.2515329892
124 0.2484930071
125 0.2455887032
126 0.2428192814
127 0.2401838538
128 0.2376814338
129 0.2353109524
130 0.2330712409
131 0.2309610474
132 0.2289790343
133 0.2271237799
134 0.2253937805
135 0.2237874523
136 0.2223031310
137 0.2209390786
138 0.2196934842
139 0.2185644621
140 0.2175500591
141 0.2166482535
142 0.2158569601
143 0.2151740296
144 0.2145972532
145 0.2141243639
146 0.2137530379
147 0.2134809022
148 0.2133055282
149 0.2132244434
150 0.2132351295
151 0.2133350230
152 0.2135215196
153 0.2137919793
154 0.2141437267
155 0.2145740504
156 0.2150802132
157 0.2156594472
158 0.2163089605
159 0.2170259388
160 0.2178075479
161 0.2186509366
162 0.2195532381
163 0.2205115747
164 0.2215230589
165 0.2225847957
166 0.2236938853
167 0.2248474261
168 0.2260425177
169 0.2272762622
170 0.2285457664
171 0.2298481453
172 0.2311805237
173 0.2325400390
174 0.2339238438
175 0.2353291076
176 0.2367530186
177 0.2381927868
178 0.2396456456
179 0.2411088546
180 0.2425797010
181 0.2440555018
182 0.2455336039
183 0.2470113914
184 0.2484862839
185 0.2499557367
186 0.2514172456
187 0.2528683473
188 0.2543066200
189 0.2557296863
190 0.2571352154
191 0.2585209228
192 0.2598845744
193 0.2612239867
194 0.2625370275
195 0.2638216172
196 0.2650757303
197 0.2662973962
198 0.2674847004
199 0.2686357863
200 0.2697488556
201 0.2708221700
202 0.2718540509
203 0.2728428801
204 0.2737871011
205 0.2746852191
206 0.2755358020
207 0.2763374815
208 0.2770889536
209 0.2777889778
210 0.2784363780
211 0.2790300424
212 0.2795689242
213 0.2800520393
214 0.2804784746
215 0.2808473763
216 0.2811579612
217 0.2814095052
218 0.2816013529
219 0.2817329099
220 0.2818036475
221 0.2818131001
222 0.2817608639
223 0.2816466004
224 0.2814700289
225 0.2812309370
226 0.2809291708
227 0.2805646359
228 0.2801372969
229 0.2796471773
230 0.2790943592
231 0.2784789798
232 0.2778012344
233 0.2770613710
234 0.2762596925
235 0.2753965564
236 0.2744723682
237 0.2734875843
238 0.2724427136
239 0.2713383089
240 0.2701749690
241 0.2689533428
242 0.2676741203
243 0.2663380342
244 0.2649458595
245 0.2634984077
246 0.2619965293
247 0.2604411139
248 0.2588330846
249 0.2571733968
250 0.2554630373
251 0.2537030274
252 0.2518944134
253 0.2500382682
254 0.2481356922
255 0.2461878087
256 0.2441957639
257 0.2421607245
258 0.2400838751
259 0.2379664178
260 0.2358095701
261 0.2336145638
262 0.2313826405
263 0.2291150559
264 0.2268130734
265 0.2244779628
266 0.2221110000
267 0.2197134655
268 0.2172866422
269 0.2148318129
270 0.2123502609
271 0.2098432665
272 0.2073121068
273 0.2047580553
274 0.2021823746
275 0.1995863238
276 0.1969711484
277 0.1943380830
278 0.1916883549
279 0.1890231726
280 0.1863437300
281 0.1836512099
282 0.1809467725
283 0.1782315591
284 0.1755066945
285 0.1727732795
286 0.1700323927
287 0.1672850895
288 0.1645324010
289 0.1617753330
290 0.1590148662
291 0.1562519533
292 0.1534875180
293 0.1507224543
294 0.1479576258
295 0.1451938674
296 0.1424319808
297 0.1396727361
298 0.1369168705
299 0.1341650889
300 0.1314180624
301 0.1286764268
302 0.1259407818
303 0.1232116931
304 0.1204896888
305 0.1177752617
306 0.1150688695
307 0.1123709321
308 0.1096818341
309 0.1070019230
310 0.1043315089
311 0.1016708668
312 0.0990202319
313 0.0963798030
314 0.0937497425
315 0.0911301763
316 0.0885211942
317 0.0859228502
318 0.0833351625
319 0.0807581115
320 0.0781916438
321 0.0756356713
322 0.0730900713
323 0.0705546882
324 0.0680293336
325 0.0655137858
326 0.0630077925
327 0.0605110700
328 0.0580233016
329 0.0555441422
330 0.0530732178
331 0.0506101267
332 0.0481544396
333 0.0457057009
334 0.0432634292
335 0.0408271196
336 0.0383962434
337 0.0359702494
338 0.0335485650
339 0.0311305972
340 0.0287157345
341 0.0263033470
342 0.0238927884
343 0.0214833961
344 0.0190744935
345 0.0166653911
346 0.0142553869
347 0.0118437689
348 0.0094298153
349 0.0070127962
350 0.0045919753
351 0.0021666107
352 -0.0002640434
353 -0.0027007372
354 -0.0051442180
355 -0.0075952396
356 -0.0100545496
357 -0.0125228929
358 -0.0150010149
359 -0.0174896512
360 -0.0199895307
361 -0.0225013784
362 -0.0250259060
363 -0.0275638137
364 -0.0301157938
365 -0.0326825229
366 -0.0352646629
367 -0.0378628596
368 -0.0404777415
369 -0.0431099198
370 -0.0457599850
371 -0.0484285066
372 -0.0511160308
373 -0.0538230809
374 -0.0565501555
375 -0.0592977294
376 -0.0620662495
377 -0.0648561344
378 -0.0676677737
379 -0.0705015274
380 -0.0733577237
381 -0.0762366592
382 -0.0791385980
383 -0.0820637706
384 -0.0850123723
385 -0.0879845624
386 -0.0909804645
387 -0.0940001650
388 -0.0970437133
389 -0.1001111190
390 -0.1032023534
391 -0.1063173481
392 -0.1094559943
393 -0.1126181419
394 -0.1158036005
395 -0.1190121383
396 -0.1222434800
397 -0.1254973084
398 -0.1287732647
399 -0.1320709471
400 -0.1353899093
401 -0.1387296633
402 -0.1420896774
403 -0.1454693776
404 -0.1488681473
405 -0.1522853275
406 -0.1557202171
407 -0.1591720736
408 -0.1626401125
409 -0.1661235090
410 -0.1696213970
411 -0.1731328698
412 -0.1766569815
413 -0.1801927463
414 -0.1837391396
415 -0.1872950985
416 -0.1908595226
417 -0.1944312746
418 -0.1980091809
419 -0.2015920324
420 -0.2051785860
421 -0.2087675653
422 -0.2123576602
423 -0.2159475291
424 -0.2195357993
425 -0.2231210698
426 -0.2267019103
427 -0.2302768635
428 -0.2338444453
429 -0.2374031466
430 -0.2409514344
431 -0.2444877530
432 -0.2480105269
433 -0.2515181609
434 -0.2550090410
435 -0.2584815365
436 -0.2619340008
437 -0.2653647735
438 -0.2687721815
439 -0.2721545413
440 -0.2755101610
441 -0.2788373408
442 -0.2821343747
443 -0.2853995520
444 -0.2886311595
445 -0.2918274828
446 -0.2949868093
447 -0.2981074283
448 -0.3011876335
449 -0.3042257241
450 -0.3072200068
451 -0.3101687972
452 -0.3130704240
453 -0.3159232287
454 -0.3187255674
455 -0.3214758127
456 -0.3241723550
457 -0.3268136048
458 -0.3293979942
459 -0.3319239784
460 -0.3343900389
461 -0.3367946853
462 -0.3391364553
463 -0.3414139176
464 -0.3436256724
465 -0.3457703536
466 -0.3478466311
467 -0.3498532127
468 -0.3517888444
469 -0.3536523124
470 -0.3554424453
471 -0.3571581127
472 -0.3587982334
473 -0.3603617703
474 -0.3618477371
475 -0.3632551923
476 -0.3645832496
477 -0.3658310689
478 -0.3669978689
479 -0.3680829160
480 -0.3690855388
481 -0.3700051145
482 -0.3708410863
483 -0.3715929469
484 -0.3722602588
485 -0.3728426404
486 -0.3733397712
487 -0.3737513925
488 -0.3740773079
489 -0.3743173849
490 -0.3744715556
491 -0.3745398153
492 -0.3745222233
493 -0.3744189070
494 -0.3742300581
495 -0.3739559320
496 -0.3735968511
497 -0.3731532060
498 -0.3726254495
499 -0.3720141001
500 -0.3713197467
